3.804610000000000000e+05,3.909230000000000000e+05
3.904820000000000000e+05,3.982930000000000000e+05
